0000  00 00 00 03 01 08 01 00 01 03 00 00 00 01 04 ff 
0010  ff 00 01 01 00 00 ff 01 02 ff 00 00 01 03 00 ff 
0020  00 01 04 00 90 01 90 01 00 20 03 20 03 00 40 06 
0030  40 06 00 80 0c 80 0c 00 01 00 00 00 00 08 00 02 
0040  00 00 00 00 08 00 04 00 00 00 00 08 00 08 00 00 
0050  00 00 08 00 10 00 00 00 00 08 09 f1 00 00 00 00 
0060  08 01 01 00 00 00 00 08 01 ff 00 00 00 00 08 00 
0070  00 00 00 00 00 00 00 00 00 00 00 00 00 00 00 00 
0080  00 00 00 00 00 00 00 00 00 00 00 00 00 00 00 00 
0090  00 00 00 00 00 00 00 00 00 00 00 00 00 00 00 00 
00a0  00 00 00 00 00 00 00 00 00 00 00 00 00 00 00 00 
00b0  00 00 00 00 00 00 00 00 00 00 00 00 00 00 00 00 
00c0  00 00 00 00 00 00 00 00 00 00 00 00 00 00 00 00 
00d0  00 00 00 00 00 00 00 00 00 00 00 00 00 00 00 00 
00e0  00 00 00 00 00 00 00 00 00 00 00 00 00 00 00 00 
00f0  00 00 00 00 00 00 00 00 00 00 00 00 00 00 00 00 
0100  00 00 00 00 00 00 00 00 00 00 00 00 00 00 00 00 
0110  00 00 00 00 00 00 00 00 00 00 00 00 00 00 00 00 
0120  00 00 00 00 00 00 00 00 00 00 00 00 00 00 00 00 
0130  00 00 00 00 00 00 00 00 00 00 00 00 00 00 00 00 
0140  00 00 00 00 00 00 00 00 00 00 00 00 00 00 00 00 
0150  00 00 00 00 00 00 00 00 00 00 00 00 00 00 00 00 
0160  00 00 00 00 00 00 00 00 00 00 00 00 00 00 00 00 
0170  00 00 00 00 00 00 00 00 00 00 00 00 00 00 00 00 
0180  00 00 00 00 00 00 00 00 00 00 00 00 00 00 00 00 
0190  00 00 00 00 00 00 00 00 00 00 00 00 00 00 00 00 
01a0  00 00 00 00 00 00 00 00 00 00 00 00 00 00 00 00 
01b0  00 00 00 00 00 00 00 00 00 00 00 00 00 00 00 00 
01c0  00 00 00 00 00 00 00 00 00 00 00 00 00 00 00 00 
01d0  00 00 00 00 00 00 00 00 00 00 00 00 00 00 00 00 
01e0  00 00 00 00 00 00 00 00 00 00 00 00 00 00 00 00 
01f0  00 00 00 00 00 00 00 00 00 00 00 00 00 00 00 00 
0200  00 00 00 00 00 00 00 00 00 00 00 00 00 00 00 00 
0210  00 00 00 00 00 00 00 00 00 00 00 00 00 00 00 00 
0220  00 00 00 00 00 00 00 00 00 00 00 00 00 00 00 00 
0230  00 00 00 00 00 00 00 00 00 00 00 00 00 00 00 00 
0240  00 00 00 00 00 00 00 00 00 00 00 00 00 00 00 00 
0250  00 00 00 00 00 00 00 00 00 00 00 00 00 00 00 00 
0260  00 00 00 00 00 00 00 00 00 00 00 00 00 00 00 00 
0270  00 00 00 00 00 00 00 00 00 00 00 00 00 00 00 00 
0280  00 00 00 00 00 00 00 00 00 00 00 00 00 00 00 00 
0290  00 00 00 00 00 00 00 00 00 00 00 00 00 00 00 00 
02a0  00 00 00 00 00 00 00 00 00 00 00 00 00 00 00 00 
02b0  00 00 00 00 00 00 00 00 00 00 00 00 00 00 00 00 
02c0  00 00 00 00 00 00 00 00 00 00 00 00 00 00 00 00 
02d0  00 00 00 00 00 00 00 00 00 00 00 00 00 00 00 00 
02e0  00 00 00 00 00 00 00 00 00 00 00 00 00 00 00 00 
02f0  00 00 00 00 00 00 00 00 00 00 00 00 00 00 00 00 
0300  00 00 00 00 00 00 00 00 00 00 00 00 00 00 00 00 
0310  00 00 00 00 00 00 00 00 00 00 00 00 00 00 00 00 
0320  00 00 00 00 00 00 00 00 00 00 00 00 00 00 00 00 
0330  00 00 00 00 00 00 00 00 00 00 00 00 00 00 00 00 
0340  00 00 00 00 00 00 00 00 00 00 00 00 00 00 00 00 
0350  00 00 00 00 00 00 00 00 00 00 00 00 00 00 00 00 
0360  00 00 00 00 00 00 00 00 00 00 00 00 00 00 00 00 
0370  00 00 00 00 00 00 00 00 00 00 00 00 00 00 00 00 
0380  00 00 00 00 00 00 00 00 00 00 00 00 00 00 00 00 
0390  00 00 00 00 00 00 00 00 00 00 00 00 00 00 00 00 
03a0  00 00 00 00 00 00 00 00 00 00 00 00 00 00 00 00 
03b0  00 00 00 00 00 00 00 00 00 00 00 00 00 00 00 00 
03c0  00 00 00 00 00 00 00 00 00 00 00 00 00 00 00 00 
03d0  00 00 00 00 00 00 00 00 00 00 00 00 00 00 00 00 
03e0  00 00 00 00 00 00 00 00 00 00 00 00 00 00 00 00 
03f0  00 00 00 00 00 00 00 00 00 00 00 00 00 00 00 00 
CPI stages  : 400 blue, [800 green], 1600 yellow, 3200 red
CPI levels  : 4
LOD         : 1.0 mm
Angle snap  : off
Ripple ctrl : off
LED liftoff : on
Polling     : 1000 Hz
Motion sync : off
Slamclick   : on
Angle tuning: 0 deg
Glass mode  : off
Max sensor  : off
MotionJitter: n/a on this model
Multiclick  : off
Power saving: 1 min
Deep sleep  : 3 min
Left-handed : off
Click filter:
  Left        8
  Right       8
  Middle      8
  Back        8
  Forward     8
Buttons     :
  Left        Left click
  Right       Right click
  Middle      Middle click
  Back        Back
  Forward     Forward
  Special     CPI cycle
  Wheel up    Wheel up
  Wheel down  Wheel down
